6943687114150393867
8016886407507391194
3629732952389505607
3826267580824692102
6069577834529790157
7407039005611452028
279216272043367871
722850685641682633
3438002997700083674
2075800283174056870
-6542007164472586009
3597832999451931662
-8553390917981556874
-6704022096801969264
2708288024016046030
8977007186650881638
-6060416365933580257
6980589178900820677
3942706106009801721
7499603176615447414
-6234490164967808255
990301895818303396
1369553574928201441
-2530547119583622152
5152143780433568896
6568259832301287650
-4453404658517005197
-7478765593252974023
-5073386387930825038
6119989277017922567
2897461438806459790
7261457685827154077
6875282499800886242
6066600239880033260
5630005633081430664
-9217305473441871849
-4418234704576829169
5039275688978585411
-6808530072526365270
5829623445855438513
-2107772997557364630
-1162352655370361073
8823430362876802479
-2196725559848151542
8302518851957961692
-3436832163031775961
1522975816185251913
7414468455466506707
1408407512562503549
3477513871631645368
5751678481492544668
8935163746861948497
-5941851197998404578
85160914284523200
-1557471681171407423
-7013023916588493089
1818262104109472192
3018092459877321876
-5118249981404994235
-1586714186096350104
-2552353628770948581
-532247134468703654
3988257120815183271
-7031968302244879
6763309003064570648
-8477277641445843056
3387007123377566941
-7873832979151362803
2871794211261800791
1856939832101075843
-5901865764708206896
330341821185099879
-1218903603267183958
5938196872111475673
7043776164626556891
2442675241393280572
-2326208482695122792
-644806461191863544
-9049629461477398704
1282637345888423134
6624927403706458843
7230431551066181340
-1936683779322023437
3869518573943031602
-4981175647933173278
-4966011134281601291
8144915010893618301
-2912655936692405453
-4009634083816554160
-4048366705222460602
3205173685379718682
3798872355033876589
-4744409020582032773
1124218815315229336
5866056624465079019
-6275143160672577918
3419233744404995822
-4318010500235335419
6703580964574256773
8962772035524887465
